=== Page 3 | TOWN OF WESTON ===
TOWN OF WESTON
FY27 TOWN MANAGER'S RECOMMENDED BUDGET
Town Manager
Cont FY22 FY23 FY24 FY25 FY26 FY27 Level New Dept Req Budget Recom $ %
App Actual Actual Actual Actual Appropriated Departmental Request Service Requests Total Adjust Budget Change Change
HEALTH & HUMAN SERVICES
Board of Health Salaries 319,181 281,258 294,547 324,345 341,539 341,539 341,539 341,539 3 41,539 (0) 0.0%
Expenses 6,671 9,276 17,495 6,132 13,250 13,100 13,100 13,100 13,100 (150) -1.1%
Mental Health Services 25,000 30,000 30,000 30,000 33,000 35,000 35,000 35,000 3 5,000 2,000 6.1%
subtotal 350,852 320,534 342,042 360,477 387,789 389,639 389,639 - 389,639 - 3 89,639 1,850 0.5%
Mosquito Control E. Middlesex Expenses 45,918 45,918 45,918 45,918 47,755 49,188 49,188 - 49,188 4 9,188 1,433 3.0%
Council on Aging Salaries 343,260 384,099 419,426 437,399 520,885 520,885 520,885 - 520,885 520,885 - 0.0%
Expenses 45,149 54,450 58,851 58,450 62,200 69,750 69,750 69,750 6 9,750 7,550 12.1%
Contribution to Community Center Maintenance 45,889 47,403 49,046 51,550 52,636 54,134 54,134 54,134 5 4,134 1,498 2.8%
subtotal 434,298 485,952 527,323 547,399 635,721 644,769 644,769 - 644,769 - 6 44,769 9,048 1.4%
Veterans' Benefits Expenses 24,148 24,858 25,646 48,501 50,800 42,500 42,500 42,500 42,500 (8,300) -16.3%
Total-Health & Human Services 855,216 877,262 940,929 1,002,295 1,122,065 1,126,096 1,126,096 - 1,126,096 - 1,126,096 4,031 0.4%
PUBLIC LIBRARY
Libraries Salaries 1,245,554 1,273,704 1,328,262 1,409,135 1,523,986 1,587,683 1,587,683 1,587,683 1,587,683 63,697 4.2%
Expenses 133,760 136,490 197,671 214,316 207,990 216,066 216,066 216,066 2 16,066 8,076 3.9%
Library Materials 80,000 84,000 92,000 96,600 100,500 104,000 104,000 - 104,000 1 04,000 3,500 3.5%
Minuteman Library Network 42,000 42,000 46,421 47,701 47,904 48,739 48,739 - 48,739 4 8,739 835 1.7%
subtotal 1,501,314 1,536,193 1,664,354 1,767,751 1,880,380 1,956,488 1,956,488 - 1,956,488 - 1 ,956,488 76,108 4.0%
Art & Innovation Center Salaries 81,417 81,417 81,417 81,417 81,417 - 0.0%
subtotal 81,417 81,417 81,417 81,417 81,417 - 0.0%
Total-Public Library 1,501,314 1,536,193 1,664,354 1,767,751 1,961,797 2,037,905 2,037,905 - 2,037,905 - 2,037,905 76,108 3.9%
TOTAL TOWN WIDE- OPERATIONS 24,144,464 23,364,559 26,323,519 24,692,490 28,428,637 29,457,369 29,323,902 133,467 29,457,369 - 29,457,369 1,028,732 3.6%
SCHOOLS- OPERATIONS
Superintendent's Recommendation
School Department Salaries 33,385,493 36,489,551 37,379,350 47,553,800 49,410,720 51,380,028 51,380,028 - 51,380,028 51,380,028 1,969,308 4.0%
Expenses 8,301,048 8,044,720 8,318,049 - - - -
TOTAL SCHOOLS- OPERATIONS 41,686,541 44,534,271 45,697,399 47,553,800 49,410,720 51,380,028 51,380,028 - 51,380,028 - 51,380,028 1,969,308 4.0%
TOTAL UNCLASSIFIED, TOWN & SCHOOL OPERATING BUDGET APPROPRIATIONS 84,011,679 86,776,241 90,751,577 93,290,112 102,162,411 107,283,436 107,124,969 158,467 107,283,436 - 107,283,436 5,121,025 5.0%
CAPITAL & SEPARATE ARTICLES
Cash Capital to be funded from Free Cash 1,795,600 1,565,000 7,085,000 6,375,000 6,335,000 4 0,000 6,375,000 6,375,000 (710,000) -10.0%
Cash Capital to be funded from Prior Project Balances 50,000 -
Capital to be funded from Taxation - - - - 0.0%
Post Employment Benefits Reserve 2,225,491 2,167,262 2,377,749 2,377,749 2,522,915 2,522,915 2,522,915 - 2,522,915 2 ,522,915 - 0.0%
Total-Separate Articles 2,225,491 2,167,262 4,173,349 3,992,749 9,607,915 8,897,915 8,857,915 40,000 8,897,915 - 8,897,915 (710,000) -7.4%
TOTAL UNCLASSIFIED, TOWN & SCHOOL OPERATING BUDGET, CAPITAL & SEPARATE ARTICLES 86,237,170 88,943,503 94,924,926 97,282,861 111,770,326 116,181,351 115,982,884 198,467 116,181,351 - 116,181,351 4,411,025 3.9%
Total Projected Revenue for Operating Budget 86,237,170 88,943,503 94,924,926 97,282,861 111,770,326 116,181,351 115,982,884 1 98,467 116,181,351 - 1 16,181,351 4,411,025 3.9%
Surplus (Deficit) - 111,770,326 116,181,351 - - - - - (111,770,326)
EXEMPT DEBT SERVICE
New Debt Service proposed for debt exclusion-added to tax levy - - - - - - -
Exempt Debt Service added to the tax levy 9,951,616 9,725,684 9,828,944 9,185,365 8,428,977 7,562,638 7,562,638 - 7,562,638 7,562,638 (866,339) -10.3%
Total Exempt Debt Service 9,951,616 9,725,684 9,828,944 9,185,365 8,428,977 7,562,638 7,562,638 - 7,562,638 - 7,562,638 (866,339) -10.3%
Total Projected Revenue for Exempt Debt Service 120,977 108,443 96,394 87,378 80,956 75,140 75,140 75,140 75,140 (5,816) -7.2%
Net Exempt Debt Service 9,830,639 9,617,241 9,732,550 9,097,987 8,348,021 7,487,498 7,487,498 - 7,487,498 - 7,487,498 (860,523) -10.3%
Grand Total Budget Appropriations (with gross exempt debt service) 96,188,786 98,669,187 104,753,870 106,468,226 120,199,303 123,743,989 123,545,522 198,467 123,743,989 - 123,743,989 3,544,686 2.9%
Grand Total Budget Appropriations (with net exempt debt service) 96,067,809 98,560,744 104,657,476 106,380,848 120,118,347 123,668,849 123,470,382 198,467 123,668,849 - 123,668,849 3,550,502 3.0%

